1701130704.029	0
1701130704.06	0
1701130704.091	0
1701130704.122	0
1701130704.153	0
1701130704.184	0
1701130704.215	0
1701130704.246	0
1701130704.277	0
1701130704.308	0
1701130704.339	0
1701130704.371	0
1701130704.401	0
1701130704.432	0
1701130704.464	0
1701130704.494	0
1701130704.525	0
1701130704.556	0
1701130704.587	0
1701130704.618	0
1701130704.649	0
1701130704.68	0
1701130704.711	0
1701130704.742	0
1701130704.773	0
1701130704.804	0
1701130704.836	0
1701130704.866	0
1701130704.897	0
1701130704.928	0
1701130704.959	0
1701130704.99	0
1701130705.021	0
1701130705.052	0
1701130705.083	0
1701130705.114	0
1701130705.145	0
1701130705.176	0
1701130705.207	0
1701130705.238	0
1701130705.269	0
1701130705.3	0
1701130705.331	0
1701130705.362	0
1701130705.393	0
1701130705.424	0
1701130705.455	0
1701130705.486	0
1701130705.517	0
1701130705.548	0
1701130705.579	0
1701130705.61	0
1701130705.641	0
1701130705.672	0
1701130705.703	0
1701130705.734	0
1701130705.765	0
1701130705.796	0
1701130705.827	0
1701130705.858	0
1701130705.889	0
1701130705.92	0
1701130705.951	0
1701130705.982	0
1701130706.013	0
1701130706.044	0
1701130706.075	0
1701130706.106	0
1701130706.137	0
1701130706.168	0
1701130706.199	0
1701130706.23	0
1701130706.261	0
1701130706.292	0
1701130706.323	0
1701130706.354	0
1701130706.385	0
1701130706.416	0
1701130706.447	0
1701130706.478	0
1701130706.509	0
1701130706.54	0
1701130706.571	0
1701130706.602	0
1701130706.633	0
1701130706.664	0
1701130706.695	0
1701130706.726	0
1701130706.757	0
1701130706.788	0
1701130706.819	0
1701130706.85	0
1701130706.881	0
1701130706.912	0
1701130706.943	0
1701130706.974	0
1701130707.005	0
1701130707.036	0
1701130707.067	0
1701130707.098	0
1701130707.129	0
1701130707.16	0
1701130707.191	0
1701130707.222	0
1701130707.253	0
1701130707.284	0
1701130707.315	0
1701130707.346	0
1701130707.377	0
1701130707.408	0
1701130707.439	0
1701130707.47	0
1701130707.501	0
1701130707.532	0
1701130707.563	0
1701130707.594	0
1701130707.626	0
1701130707.656	0
1701130707.687	0
1701130707.718	0
1701130707.749	0
1701130707.78	0
1701130707.811	0
1701130707.842	0
1701130707.873	0
1701130707.904	0
1701130707.935	0
1701130707.967	0
1701130707.997	0
1701130708.028	0
1701130708.059	0
1701130708.09	0
1701130708.121	0
1701130708.152	0
1701130708.183	0
1701130708.214	0
1701130708.245	0
1701130708.276	0
1701130708.307	0
1701130708.338	0
1701130708.369	0
1701130708.4	0
1701130708.431	0
1701130708.462	0
1701130708.493	0
1701130708.524	0
1701130708.555	0
1701130708.586	0
1701130708.617	0
1701130708.648	0
1701130708.679	0
1701130708.71	0
1701130708.742	0
1701130708.773	0
1701130708.803	0
1701130708.835	0
1701130708.865	0
1701130708.897	0
1701130708.927	0
1701130708.959	0
1701130708.99	0
1701130709.021	0
1701130709.052	0
1701130709.082	0
1701130709.113	0
1701130709.144	0
1701130709.175	0
1701130709.206	0
1701130709.24	0
1701130709.268	0
1701130709.301	0
1701130709.33	0
1701130709.361	0
1701130709.392	0
1701130709.423	0
1701130709.454	0
1701130709.485	0
1701130709.516	0
1701130709.547	0
1701130709.578	4.406417369843
1701130709.609	7.931550979614
1701130709.64	10.57540130615
1701130709.671	12.33796787262
1701130709.702	17.62566947937
1701130709.733	18.50695228577
1701130709.764	21.1508026123
1701130709.795	19.38823509216
1701130709.829	23.79465293884
1701130709.857	23.79465293884
1701130709.888	27.31978607178
1701130709.919	24.67593574524
1701130709.953	29.08235359192
1701130709.981	27.31978607178
1701130710.012	31.72620391846
1701130710.043	27.31978607178
1701130710.074	32.60748672485
1701130710.105	29.96363449097
1701130710.136	34.37005233765
1701130710.167	29.96363449097
1701130710.198	35.25133895874
1701130710.229	30.84491920471
1701130710.26	35.25133895874
1701130710.291	31.72620391846
1701130710.322	37.01390457153
1701130710.353	32.60748672485
1701130710.384	31.72620391846
1701130710.415	37.01390457153
1701130710.446	32.60748672485
1701130710.477	37.89518737793
1701130710.508	32.60748672485
1701130710.54	37.89518737793
1701130710.57	33.48876953125
1701130710.601	37.89518737793
1701130710.632	33.48876953125
1701130710.663	37.89518737793
1701130710.694	33.48876953125
1701130710.726	37.89518737793
1701130710.756	34.37005233765
1701130710.788	37.89518737793
1701130710.818	33.48876953125
1701130710.849	37.89518737793
1701130710.88	34.37005233765
1701130710.912	37.89518737793
1701130710.942	34.37005233765
1701130710.974	31.72620391846
1701130711.004	38.77647018433
1701130711.036	31.72620391846
1701130711.066	38.77647018433
1701130711.098	32.60748672485
1701130711.128	38.77647018433
1701130711.16	32.60748672485
1701130711.191	37.89518737793
1701130711.222	30.84491920471
1701130711.252	37.89518737793
1701130711.283	33.48876953125
1701130711.314	37.01390457153
1701130711.345	31.72620391846
1701130711.376	37.01390457153
1701130711.407	32.60748672485
1701130711.438	37.89518737793
1701130711.469	33.48876953125
1701130711.5	36.13261795044
1701130711.531	32.60748672485
1701130711.562	37.89518737793
1701130711.593	35.25133895874
1701130711.624	37.01390457153
1701130711.655	32.60748672485
1701130711.686	37.89518737793
1701130711.717	34.37005233765
1701130711.748	37.89518737793
1701130711.779	32.60748672485
1701130711.81	37.89518737793
1701130711.841	33.48876953125
1701130711.872	36.13261795044
1701130711.903	34.37005233765
1701130711.934	37.89518737793
1701130711.965	33.48876953125
1701130711.996	36.13261795044
1701130712.027	33.48876953125
1701130712.058	37.89518737793
1701130712.089	33.48876953125
1701130712.121	36.13261795044
1701130712.151	31.72620391846
1701130712.182	37.01390457153
1701130712.213	30.84491920471
1701130712.244	33.48876953125
1701130712.275	37.01390457153
1701130712.306	32.60748672485
1701130712.338	37.01390457153
1701130712.369	31.72620391846
1701130712.399	36.13261795044
1701130712.43	32.60748672485
1701130712.461	37.01390457153
1701130712.492	32.60748672485
1701130712.525	39.65775299072
1701130712.554	29.96363449097
1701130712.585	38.77647018433
1701130712.618	31.72620391846
1701130712.647	37.89518737793
1701130712.68	33.48876953125
1701130712.71	37.01390457153
1701130712.741	32.60748672485
1701130712.775	34.37005233765
1701130712.802	34.37005233765
1701130712.833	32.60748672485
1701130712.865	38.77647018433
1701130712.895	34.37005233765
1701130712.926	37.89518737793
1701130712.958	32.60748672485
1701130712.988	37.01390457153
1701130713.019	34.37005233765
1701130713.05	37.01390457153
1701130713.082	34.37005233765
1701130713.112	37.01390457153
1701130713.143	34.37005233765
1701130713.174	37.89518737793
1701130713.205	33.48876953125
1701130713.237	37.01390457153
1701130713.267	34.37005233765
1701130713.298	37.89518737793
1701130713.33	33.48876953125
1701130713.36	38.77647018433
1701130713.391	34.37005233765
1701130713.422	37.01390457153
1701130713.453	33.48876953125
1701130713.484	37.89518737793
1701130713.515	34.37005233765
1701130713.546	36.13261795044
1701130713.577	32.60748672485
1701130713.608	38.77647018433
1701130713.639	34.37005233765
1701130713.67	37.01390457153
1701130713.701	32.60748672485
1701130713.732	37.01390457153
1701130713.763	34.37005233765
1701130713.794	37.01390457153
1701130713.825	31.72620391846
1701130713.856	37.01390457153
1701130713.887	32.60748672485
1701130713.918	37.01390457153
1701130713.949	33.48876953125
1701130713.981	37.01390457153
1701130714.011	30.84491920471
1701130714.042	33.48876953125
1701130714.073	23.79465293884
1701130714.104	39.65775299072
1701130714.135	34.37005233765
1701130714.166	38.77647018433
1701130714.197	35.25133895874
1701130714.228	38.77647018433
1701130714.259	35.25133895874
1701130714.29	38.77647018433
1701130714.321	36.13261795044
1701130714.352	39.65775299072
1701130714.383	35.25133895874
1701130714.414	38.77647018433
1701130714.445	35.25133895874
1701130714.476	39.65775299072
1701130714.507	33.48876953125
1701130714.538	37.89518737793
1701130714.569	34.37005233765
1701130714.6	39.65775299072
1701130714.631	33.48876953125
1701130714.662	37.89518737793
1701130714.693	32.60748672485
1701130714.724	38.77647018433
1701130714.755	31.72620391846
1701130714.786	39.65775299072
1701130714.817	33.48876953125
1701130714.848	38.77647018433
1701130714.879	33.48876953125
1701130714.91	38.77647018433
1701130714.941	32.60748672485
1701130714.972	37.01390457153
1701130715.003	32.60748672485
1701130715.034	38.77647018433
1701130715.065	33.48876953125
1701130715.096	38.77647018433
1701130715.127	31.72620391846
1701130715.158	39.65775299072
1701130715.189	33.48876953125
1701130715.22	38.77647018433
1701130715.251	34.37005233765
1701130715.282	37.89518737793
1701130715.313	34.37005233765
1701130715.344	37.01390457153
1701130715.375	34.37005233765
1701130715.406	38.77647018433
1701130715.437	35.25133895874
1701130715.468	37.01390457153
1701130715.499	34.37005233765
1701130715.53	38.77647018433
1701130715.561	32.60748672485
1701130715.592	37.89518737793
1701130715.623	32.60748672485
1701130715.654	38.77647018433
1701130715.685	35.25133895874
1701130715.716	32.60748672485
1701130715.747	34.37005233765
1701130715.778	39.65775299072
1701130715.809	34.37005233765
1701130715.84	39.65775299072
1701130715.871	34.37005233765
1701130715.902	38.77647018433
1701130715.933	31.72620391846
1701130715.964	39.65775299072
1701130715.995	32.60748672485
1701130716.026	38.77647018433
1701130716.057	34.37005233765
1701130716.088	38.77647018433
1701130716.119	35.25133895874
1701130716.15	38.77647018433
1701130716.181	36.13261795044
1701130716.212	39.65775299072
1701130716.243	35.25133895874
1701130716.274	38.77647018433
1701130716.305	35.25133895874
1701130716.336	38.77647018433
1701130716.367	24.67593574524
1701130716.398	36.13261795044
1701130716.431	33.48876953125
1701130716.46	36.13261795044
1701130716.494	34.37005233765
1701130716.522	25.55722045898
1701130716.553	36.13261795044
1701130716.584	32.60748672485
1701130716.615	37.89518737793
1701130716.646	33.48876953125
1701130716.677	32.60748672485
1701130716.708	31.72620391846
1701130716.739	37.89518737793
1701130716.77	28.20106887817
1701130716.801	38.77647018433
1701130716.832	36.13261795044
1701130716.863	38.77647018433
1701130716.894	35.25133895874
1701130716.925	40.53903579712
1701130716.956	34.37005233765
1701130716.987	38.77647018433
1701130717.018	32.60748672485
1701130717.049	38.77647018433
1701130717.08	36.13261795044
1701130717.111	39.65775299072
1701130717.142	34.37005233765
1701130717.173	34.37005233765
1701130717.204	38.77647018433
1701130717.235	34.37005233765
1701130717.266	38.77647018433
1701130717.297	35.25133895874
1701130717.332	39.65775299072
1701130717.359	34.37005233765
1701130717.39	38.77647018433
1701130717.421	34.37005233765
1701130717.452	38.77647018433
1701130717.483	35.25133895874
1701130717.514	38.77647018433
1701130717.545	25.55722045898
1701130717.577	37.01390457153
1701130717.607	21.1508026123
1701130717.638	39.65775299072
1701130717.669	33.48876953125
1701130717.7	38.77647018433
1701130717.731	36.13261795044
1701130717.762	39.65775299072
1701130717.793	35.25133895874
1701130717.824	38.77647018433
1701130717.855	36.13261795044
1701130717.886	38.77647018433
1701130717.917	35.25133895874
1701130717.948	39.65775299072
1701130717.979	34.37005233765
1701130718.01	38.77647018433
1701130718.041	36.13261795044
1701130718.072	38.77647018433
1701130718.103	34.37005233765
1701130718.134	38.77647018433
1701130718.165	36.13261795044
1701130718.196	36.13261795044
1701130718.227	39.65775299072
1701130718.258	34.37005233765
1701130718.289	38.77647018433
1701130718.32	35.25133895874
1701130718.351	38.77647018433
1701130718.382	35.25133895874
1701130718.413	38.77647018433
1701130718.444	21.1508026123
1701130718.475	37.89518737793
1701130718.506	29.96363449097
1701130718.537	36.13261795044
1701130718.568	30.84491920471
1701130718.599	37.01390457153
1701130718.63	30.84491920471
1701130718.661	37.89518737793
1701130718.692	32.60748672485
1701130718.723	37.01390457153
1701130718.754	33.48876953125
1701130718.785	36.13261795044
1701130718.816	31.72620391846
1701130718.847	36.13261795044
1701130718.878	32.60748672485
1701130718.909	37.01390457153
1701130718.94	30.84491920471
1701130718.971	37.01390457153
1701130719.003	30.84491920471
1701130719.033	29.96363449097
1701130719.064	34.37005233765
1701130719.095	31.72620391846
1701130719.126	39.65775299072
1701130719.157	36.13261795044
1701130719.188	38.77647018433
1701130719.219	25.55722045898
1701130719.256	39.65775299072
1701130719.281	34.37005233765
1701130719.312	36.13261795044
1701130719.343	38.77647018433
1701130719.375	35.25133895874
1701130719.405	39.65775299072
1701130719.436	36.13261795044
1701130719.467	38.77647018433
1701130719.498	35.25133895874
1701130719.529	38.77647018433
1701130719.56	35.25133895874
1701130719.591	39.65775299072
1701130719.622	34.37005233765
1701130719.653	37.89518737793
1701130719.684	34.37005233765
1701130719.715	39.65775299072
1701130719.746	37.01390457153
1701130719.777	37.89518737793
1701130719.808	34.37005233765
1701130719.839	39.65775299072
1701130719.87	35.25133895874
1701130719.901	38.77647018433
1701130719.932	36.13261795044
1701130719.963	38.77647018433
1701130719.994	35.25133895874
1701130720.025	37.89518737793
1701130720.056	39.65775299072
1701130720.087	37.01390457153
1701130720.118	32.60748672485
1701130720.149	34.37005233765
1701130720.18	35.25133895874
1701130720.211	38.77647018433
1701130720.243	37.01390457153
1701130720.273	36.13261795044
1701130720.305	37.01390457153
1701130720.335	36.13261795044
1701130720.366	37.89518737793
1701130720.397	39.65775299072
1701130720.429	35.25133895874
1701130720.459	37.89518737793
1701130720.491	35.25133895874
1701130720.521	39.65775299072
1701130720.553	36.13261795044
1701130720.583	38.77647018433
1701130720.617	32.60748672485
1701130720.645	31.72620391846
1701130720.676	39.65775299072
1701130720.707	38.77647018433
1701130720.738	39.65775299072
1701130720.769	37.01390457153
1701130720.8	38.77647018433
1701130720.831	39.65775299072
1701130720.862	39.65775299072
1701130720.893	37.01390457153
1701130720.924	37.89518737793
1701130720.955	36.13261795044
1701130720.986	36.13261795044
1701130721.017	34.37005233765
1701130721.048	32.60748672485
1701130721.079	32.60748672485
1701130721.11	31.72620391846
1701130721.141	30.84491920471
1701130721.172	29.96363449097
1701130721.203	28.20106887817
1701130721.234	28.20106887817
1701130721.265	27.31978607178
1701130721.296	25.55722045898
1701130721.327	25.55722045898
1701130721.358	23.79465293884
1701130721.389	23.79465293884
1701130721.42	22.9133682251
1701130721.451	21.1508026123
1701130721.482	21.1508026123
1701130721.513	20.26951789856
1701130721.544	18.50695228577
1701130721.575	18.50695228577
1701130721.606	17.62566947937
1701130721.637	17.62566947937
1701130721.668	15.86310195923
1701130721.699	14.98181724548
1701130721.73	14.98181724548
1701130721.761	13.21925163269
1701130721.792	13.21925163269
1701130721.823	11.45668411255
1701130721.854	11.45668411255
1701130721.885	10.57540130615
1701130721.916	9.694117546082
1701130721.947	8.812834739685
1701130721.978	7.931550979614
1701130722.009	7.931550979614
1701130722.04	7.050267219543
1701130722.071	6.16898393631
1701130722.102	5.287700653076
1701130722.133	5.287700653076
1701130722.164	4.406417369843
1701130722.195	3.525133609772
1701130722.226	3.525133609772
1701130722.257	2.643850326538
1701130722.288	1.762566804886
1701130722.319	0.8812834024429
1701130722.35	0.8812834024429
1701130722.381	0
1701130722.412	0
1701130722.443	0
1701130722.474	0
1701130722.505	0
1701130722.536	0
1701130722.567	0
1701130722.598	0
1701130722.629	0
1701130722.66	0
1701130722.691	0
1701130722.722	0
1701130722.753	0
1701130722.784	0
1701130722.815	0
1701130722.846	0
1701130722.877	0
1701130722.908	0
1701130722.939	0
